[verifier]
dataModel=auto
keepEntries=0
TrueThreadsOptionVisible=1
HolderCollisionTolerance=0.000000
RapidCollisionTolerance=0.030000
checkNCEdge=0
checkEdge=1
checkArbor=0
checkHolder=1
accuracy=50
cutEdge=1
cutNCEdge=1
cutArbor=1
cutHolder=0
RestoreProgramSpecificParams=0
indicateInvalidGougeList=0
disablemenuwindows=0
dataModelEnable=1
maxNoOfDisplayedGouges=0
maxNoOfDisplayedExcesses=0
changeFluteColor=0
minsamples=500
medsamples=1000
maxsamples=2000
minsamples3+2axisDM=200
medsamples3+2axisDM=400
maxsamples3+2axisDM=800
disable=0
RemoveSmallChipsAutoBasedOnVolume=0
RemoveChipsSelectionMode=0
RemoveChipsVolumeThreshHold=0.000000
selectionMode=off
precautoadjustmentenable=1
autoQualityDrawEnable=1
drawMode=operation
toolNumberColorScheme=0.686275,0.784314,0.843137;0.576471,0.666667,0.631373;
operationNumberColorScheme=
comparisonColorScheme=auto
gougeExcessColorScheme=0.498039,0.000000,0.000000;0.200000,0.200000,0.200000;0.000000,0.000000,0.498039;
markPartsColorScheme=1.000000,0.000000,0.501961;1.000000,0.501961,0.000000;0.000000,1.000000,0.501961;0.000000,0.501961,0.101961;0.501961,0.000000,1.000000;0.501961,1.000000,0.000000;0.501961,0.000000,0.000000;0.501961,0.501961,0.000000;1.000000,0.501961,1.000000;0.501961,0.000000,0.501961;0.000000,1.000000,0.000000;0.000000,0.501961,0.501961;0.000000,0.000000,0.501961;0.501961,1.000000,1.000000;1.000000,1.000000,0.000000;0.501961,1.000000,0.501961;0.501961,0.501961,1.000000;0.000000,0.501961,0.501961;1.000000,1.000000,0.501961;1.000000,0.000000,0.000000;
lengthColorScheme=auto
heightchangeColorScheme=auto
orientationchangeColorScheme=auto
removedmaterialColorScheme=0.000000,0.764706,0.764706;
textureUncutWidth=80.000000
textureUncutHeight=80.000000
textureCutWidth=16.000000
textureCutHeight=16.000000
deviationGraphicOffset=0.000000
STLResolutionForToolChangeBasedSave=0.000000
STLResolutionForToolChangeBasedSaveCheck=0
STLNameForToolChangeBasedSave=0
STLFileNameForManualSave=
displayunitsystem=metric
ShowTexturePlusCollisions=0
[verifier1]
dataModel=auto
keepEntries=0
TrueThreadsOptionVisible=1
HolderCollisionTolerance=0.0
RapidCollisionTolerance=0.030000
checkNCEdge=0
checkEdge=1
checkArbor=0
checkHolder=1
accuracy=50
cutEdge=1
cutNCEdge=1
cutArbor=1
cutHolder=0
[verifier2]
dataModel=auto
keepEntries=0
TrueThreadsOptionVisible=1
HolderCollisionTolerance=0.0
RapidCollisionTolerance=0.030000
checkNCEdge=0
checkEdge=1
checkArbor=0
checkHolder=1
accuracy=50
cutEdge=1
cutNCEdge=1
cutArbor=1
cutHolder=0
[program_specific]
showGougeExcessForUncut=0
toolNumberColorScheme=0.686275,0.784314,0.843137;0.576471,0.666667,0.631373;
operationNumberColorScheme=
comparisonColorScheme=auto
gougeExcessColorScheme=0.498039,0.000000,0.000000;0.200000,0.200000,0.200000;0.000000,0.000000,0.498039;
markPartsColorScheme=1.000000,0.000000,0.501961;1.000000,0.501961,0.000000;0.000000,1.000000,0.501961;0.000000,0.501961,0.101961;0.501961,0.000000,1.000000;0.501961,1.000000,0.000000;0.501961,0.000000,0.000000;0.501961,0.501961,0.000000;1.000000,0.501961,1.000000;0.501961,0.000000,0.501961;0.000000,1.000000,0.000000;0.000000,0.501961,0.501961;0.000000,0.000000,0.501961;0.501961,1.000000,1.000000;1.000000,1.000000,0.000000;0.501961,1.000000,0.501961;0.501961,0.501961,1.000000;0.000000,0.501961,0.501961;1.000000,1.000000,0.501961;1.000000,0.000000,0.000000;
lengthColorScheme=auto
heightchangeColorScheme=auto
orientationchangeColorScheme=auto
removedmaterialColorScheme=0.000000,0.764706,0.764706;
GEOffsetToTarget=0.000000
GERelativeThreshold=300000000549775575777803994281145270272.000000
partPoints=
STLResolutionForManualSave=0.000000
SectionPlaneEnable=0
SectionPlaneShift=0.000000
SectionPlaneNormal=0.000000,1.000000,0.000000
