
METRIC

CHANDATA(1)
CONTCP=0
CONTD=1
CONWO=-1
CONSP=0
CONDIR=5
RUNPO=-14
PROBON=-1
REALVARAUX=16
SPEED_CAMBIO=15000
TEMP_INT=-99999
TEMP_REAL=-99999
PICKUP1_MANINA_QUOTA=-99999
PICKUP1_MANINA_INTERASSE=-99999
PICKUP1_CAMBIO_Z=-99999
PICKUP1_CAMBIO_4=-99999
PICKUP1_CAMBIO_5=-99999
PICKUP1_SVINCOLO_Z=-99999
PICKUP1_SVINCOLO_4=-99999
PICKUP1_QDEP=-99999
PICKUP1_QPRE=-99999
PICKUP2_MANINA_QUOTA=-99999
PICKUP2_MANINA_INTERASSE=-99999
PICKUP2_CAMBIO_Z=-99999
PICKUP2_CAMBIO_4=-99999
PICKUP2_CAMBIO_5=-99999
PICKUP2_SVINCOLO_Z=-99999
PICKUP2_SVINCOLO_4=-99999
PICKUP2_QDEP=-99999
PICKUP2_QPRE=-99999
DISCOMOB_X1_CAMBIO=-1883.947
DISCOMOB_X2_CAMBIO=-2764.55
DISCOMOB_Y1_CAMBIO=-14.69
DISCOMOB_Y2_CAMBIO=-13.92
DISCOMOB_Z1_CAMBIO=-644
DISCOMOB_Z2_CAMBIO=-644.3
DISCOMOB_Z_SVINCOLO=50
DISCOMOB_CAMBIO_4=0
DISCOMOB_CAMBIO_5=-90
DISCO1_CAMBIO_X=-99999
DISCO1_CAMBIO_Y=-99999
DISCO1_CAMBIO_Z=-99999
DISCO1_CAMBIO_4=-99999
DISCO1_CAMBIO_5=-99999
DISCO1_SVINCOLO=-99999
DISCO2_CAMBIO_X=-99999
DISCO2_CAMBIO_Y=-99999
DISCO2_CAMBIO_Z=-99999
DISCO2_CAMBIO_4=-99999
DISCO2_CAMBIO_5=-99999
DISCO2_SVINCOLO=-99999
LAT1_X_CAMBIO=-99999
LAT1_Y_CAMBIO=-99999
LAT1_Z_CAMBIO=-99999
LAT1_Z_SVINCOLO=-99999
LAT1_4_CAMBIO=-99999
LAT1_5_CAMBIO=-99999
LAT1_MANINA=-99999
LAT1_QDEP=-99999
LAT1_QPRE=-99999
LAT2_X_CAMBIO=-99999
LAT2_Y_CAMBIO=-99999
LAT2_Z_CAMBIO=-99999
LAT2_Z_SVINCOLO=-99999
LAT2_4_CAMBIO=-99999
LAT2_5_CAMBIO=-99999
LAT2_MANINA=-99999
LAT2_QDEP=-99999
LAT2_QPRE=-99999
LIM_INF=-4801
LIM_SUP=1
LIM_INF_Z1=-2051
INC_INF_Z1=110
LIM_SUP_Z1=1
LIM_INF_Z2=-4801
LIM_SUP_Z2=-2749
INC_SUP_Z2=50
QUOT_Z1=-1800
QUOT_Z2=-3000
CZ_SVINCOLO_Z=0
CZ_SVINCOLO_Y=0
CZ_SVINCOLO_4=-90
CZ_SVINCOLO_5=0
CZ_STATUS=0
_X_POS_PROBE=-99999
_Y_POS_PROBE=-99999
_Z_POS_PROBE=-99999
_X_POS_LASER=-2987.113
_Y_POS_LASER=-31
_Z_POS_LASER=-426.539
_MOD_LAS_TS=-99999
_X_POS_TS30=-3037.633
_Y_POS_TS30=-226.533
_Z_POS_TS30=-403.702
_DELTAX=0.01869
_DELTAY=0.04628
_SFER=5.88291617394634
_MDIN=445
_MSTA=444
_MSEN=447
_MLAT=442
_LASOK=-1
_VALD=-1
_CALIB=-13
_LASER_BROKEN=-11
_LASER_TS30=-12
VALDEC1=11
VALBIN1=251
RISULT1=11
_AXN4=(B)
_AXN5=(C)
ORI_X1=-4610.606
ORI_Y1=-1340.558
ORI_Z1=-1243.366
ERR_X_Z1=0
ERR_Y_Z1=0
ERR_Z_Z1=0
ERR_X_Z2=0
ERR_Y_Z2=0
ERR_Z_Z2=0
LONG_MIN=205.5
LONG_MAX=209.5
LONG_COR=0
M17
