
METRIC

CHANDATA(1)
_RENT[0]=0
_RENT[1]=9999
_RENT[2]=7
_RENT[3]=1
_RENT[4]=0
_RENT[5]=0
_RENT[6]=0
_RENT[7]=2
_RENT[8]=2
_RENT[9]=0
_RENT[10]=9999
_RENT[11]=9862
_RENT[12]=0
_RENT[13]=0
_RENT[14]=0
_RENT[15]=0
_RENT[16]=0
_RENT[17]=0
_RENT[18]=0
_RENT[19]=3000
_RENT[20]=-426.338661800407
_RENT[21]=-426.485840465826
_RENT[22]=-2987.44574878934
_RENT[23]=-2987.55834230292
_RENT[24]=-31
_RENT[25]=0
_RENT[26]=0
_RENT[27]=0
_RENT[28]=1
_RENT[29]=1
_RENT[30]=0
_RENT[31]=0
_RENT[32]=0
_RENT[33]=0
_RENT[34]=0
_RENT[35]=-2987.50204554613
_RENT[36]=-426.338661800407
_RENT[37]=-426.485840465826
_RENT[38]=5
_RENT[39]=0
_RENT[40]=-2987.44574878934
_RENT[41]=0
_RENT[42]=0
_RENT[43]=0
_RENT[44]=0
_RENT[45]=-2987.55834230292
_RENT[46]=0
_RENT[47]=-31
_RENT[48]=0
_RENT[49]=9999
_RENT[50]=0
_RENT[51]=0
_RENT[52]=0
_RENT[53]=0
_RENT[54]=0
_RENT[55]=50
_RENT[56]=50
_RENT[57]=0
_RENT[58]=0
_RENT[59]=0
_RENT[60]=0
_RENT[61]=0
_RENT[62]=0
_RENT[63]=0
_RENT[64]=0
_RENC[0]=1
_RENC[1]=0
_RENC[2]=0
_RENC[3]=43
_RENC[4]=1
_RENC[5]=5
_RENC[6]=-10
_RENC[7]=1
_RENC[8]=50
_RENC[9]=1
_RENC[10]=400
_RENC[11]=70
_RENC[12]=80
_RENC[13]=1
_RENC[14]=2
_RENC[15]=0.1
_RENC[16]=207.418402697283
_RENC[17]=5
_RENC[18]=0.002
_RENC[19]=0
_RENC[20]=0
_RENC[21]=2
_RENC[22]=1
_RENC[23]=3
_RENC[24]=0.01
_RENC[25]=0.025
_RENC[26]=3
_RENC[27]=3000
_RENC[28]=0.2
_RENC[29]=1
_RENC[30]=-356.539
_RENC[31]=-218.861838225048
_RENC[32]=-218.861291322378
_RENC[33]=-218.861779628043
_RENC[34]=0
_RENC[35]=0
_RENC[36]=0
_RENC[37]=0
_RENC[38]=0
_RENC[39]=500
_RENC[40]=0.22
_RENC[41]=-218.862443724724
_RENC[42]=-218.861291322378
_RENC[43]=0.00115240234669045
_RENC[44]=-218.861838225048
_RENC[45]=0.01
_RENC[46]=0
_RENC[47]=0
_RENC[48]=0
_RENC[49]=9999
_RENC[50]=0
_RENC[51]=0
_RENC[52]=0
_RENC[53]=0
_RENC[54]=0
AXV[0]=(X)
AXV[1]=(X)
AXV[2]=(Y)
AXV[3]=(Z)
AXV[4]=(X)
M17
