0 BEGIN PGM MATRICE DE DECOUPE FLAN MM
1 ; POST-PRO FICAM
2 ; MACHINE - DMG
3 ; DESSIN MASTERCAM - MATRICE DE DECOUPE FLAN
4 ; PROG-CN DU 17-03-22 A 13:56
5 BLK FORM 0.1 Z X+0 Y+0 Z+0
6 BLK FORM 0.2 X+0 Y+0 Z+0
7 ; LISTE DES OUTILS UTILISES
8 ; T19 FRAISE 2 TAILLES DIAM=6. 6 DENTS CARBURE PLAQUETTES
9 ; T21 DIA 6 FINITION FRAISE 2 TAILLES DIAM=6. 6 DENTS CARBURE PLAQUETTES
10 ; FIN DE LISTE DES OUTILS
11 L R0 FMAX
12 L Z-1 FMAX M91
13 ; *GROUPE D'USINAGE-2*
14 ; T19 FRAISE 2 TAILLES DIAM=6. 6 DENTS CARBURE PLAQUETTES
15 ; CORRECTION USURE GAUCHE
16 ; SUREP R 0. SUREP Z 0.
17 TOOL CALL 19 Z S7427 DR-3
18 TOOL DEF 21
19 L X+1,751 Y-40,397 FMAX M3
20 L Z+50 FMAX M8
21 L Z+2 FMAX
22 L Z-0,559 F297
23 L X+1,497 Y-36,405 RL F3565
24 CC X+0 Y-36,5
25 C X-1,497 Y-36,405 DR+
26 L X-1,751 Y-40,397 R0
27 L X+1,751
28 L Z-1,118 F297
29 L X+1,497 Y-36,405 RL F3565
30 CC X+0 Y-36,5
31 C X-1,497 Y-36,405 DR+
32 L X-1,751 Y-40,397 R0
33 L X+1,751
34 L Z-1,677 F297
35 L X+1,497 Y-36,405 RL F3565
36 CC X+0 Y-36,5
37 C X-1,497 Y-36,405 DR+
38 L X-1,751 Y-40,397 R0
39 L X+1,751
40 L Z-2,236 F297
41 L X+1,497 Y-36,405 RL F3565
42 CC X+0 Y-36,5
43 C X-1,497 Y-36,405 DR+
44 L X-1,751 Y-40,397 R0
45 L X+1,751
46 L Z-2,795 F297
47 L X+1,497 Y-36,405 RL F3565
48 CC X+0 Y-36,5
49 C X-1,497 Y-36,405 DR+
50 L X-1,751 Y-40,397 R0
51 L X+1,751
52 L Z-3,355 F297
53 L X+1,497 Y-36,405 RL F3565
54 CC X+0 Y-36,5
55 C X-1,497 Y-36,405 DR+
56 L X-1,751 Y-40,397 R0
57 L X+1,751
58 L Z-3,914 F297
59 L X+1,497 Y-36,405 RL F3565
60 CC X+0 Y-36,5
61 C X-1,497 Y-36,405 DR+
62 L X-1,751 Y-40,397 R0
63 L X+1,751
64 L Z-4,473 F297
65 L X+1,497 Y-36,405 RL F3565
66 CC X+0 Y-36,5
67 C X-1,497 Y-36,405 DR+
68 L X-1,751 Y-40,397 R0
69 L X+1,751
70 L Z-5,032 F297
71 L X+1,497 Y-36,405 RL F3565
72 CC X+0 Y-36,5
73 C X-1,497 Y-36,405 DR+
74 L X-1,751 Y-40,397 R0
75 L X+1,751
76 L Z-5,591 F297
77 L X+1,497 Y-36,405 RL F3565
78 CC X+0 Y-36,5
79 C X-1,497 Y-36,405 DR+
80 L X-1,751 Y-40,397 R0
81 L X+1,751
82 L Z-6,15 F297
83 L X+1,497 Y-36,405 RL F3565
84 CC X+0 Y-36,5
85 C X-1,497 Y-36,405 DR+
86 L X-1,751 Y-40,397 R0
87 L Z+50 FMAX
88 L X+34,109 Y+21,714 FMAX
89 L Z+2 FMAX
90 L Z-0,559 F297
91 L X+30,779 Y+19,499 RL F3565
92 CC X+31,61 Y+18,25
93 C X+32,276 Y+16,906 DR+
94 L X+35,86 Y+18,682 R0
95 L X+34,109 Y+21,714
96 L Z-1,118 F297
97 L X+30,779 Y+19,499 RL F3565
98 CC X+31,61 Y+18,25
99 C X+32,276 Y+16,906 DR+
100 L X+35,86 Y+18,682 R0
101 L X+34,109 Y+21,714
102 L Z-1,677 F297
103 L X+30,779 Y+19,499 RL F3565
104 CC X+31,61 Y+18,25
105 C X+32,276 Y+16,906 DR+
106 L X+35,86 Y+18,682 R0
107 L X+34,109 Y+21,714
108 L Z-2,236 F297
109 L X+30,779 Y+19,499 RL F3565
110 CC X+31,61 Y+18,25
111 C X+32,276 Y+16,906 DR+
112 L X+35,86 Y+18,682 R0
113 L X+34,109 Y+21,714
114 L Z-2,795 F297
115 L X+30,779 Y+19,499 RL F3565
116 CC X+31,61 Y+18,25
117 C X+32,276 Y+16,906 DR+
118 L X+35,86 Y+18,682 R0
119 L X+34,109 Y+21,714
120 L Z-3,355 F297
121 L X+30,779 Y+19,499 RL F3565
122 CC X+31,61 Y+18,25
123 C X+32,276 Y+16,906 DR+
124 L X+35,86 Y+18,682 R0
125 L X+34,109 Y+21,714
126 L Z-3,914 F297
127 L X+30,779 Y+19,499 RL F3565
128 CC X+31,61 Y+18,25
129 C X+32,276 Y+16,906 DR+
130 L X+35,86 Y+18,682 R0
131 L X+34,109 Y+21,714
132 L Z-4,473 F297
133 L X+30,779 Y+19,499 RL F3565
134 CC X+31,61 Y+18,25
135 C X+32,276 Y+16,906 DR+
136 L X+35,86 Y+18,682 R0
137 L X+34,109 Y+21,714
138 L Z-5,032 F297
139 L X+30,779 Y+19,499 RL F3565
140 CC X+31,61 Y+18,25
141 C X+32,276 Y+16,906 DR+
142 L X+35,86 Y+18,682 R0
143 L X+34,109 Y+21,714
144 L Z-5,591 F297
145 L X+30,779 Y+19,499 RL F3565
146 CC X+31,61 Y+18,25
147 C X+32,276 Y+16,906 DR+
148 L X+35,86 Y+18,682 R0
149 L X+34,109 Y+21,714
150 L Z-6,15 F297
151 L X+30,779 Y+19,499 RL F3565
152 CC X+31,61 Y+18,25
153 C X+32,276 Y+16,906 DR+
154 L X+35,86 Y+18,682 R0
155 L Z+50 FMAX
156 L X-35,86 FMAX
157 L Z+2 FMAX
158 L Z-0,559 F297
159 L X-32,276 Y+16,906 RL F3565
160 CC X-31,61 Y+18,25
161 C X-30,779 Y+19,499 DR+
162 L X-34,109 Y+21,714 R0
163 L X-35,86 Y+18,682
164 L Z-1,118 F297
165 L X-32,276 Y+16,906 RL F3565
166 CC X-31,61 Y+18,25
167 C X-30,779 Y+19,499 DR+
168 L X-34,109 Y+21,714 R0
169 L X-35,86 Y+18,682
170 L Z-1,677 F297
171 L X-32,276 Y+16,906 RL F3565
172 CC X-31,61 Y+18,25
173 C X-30,779 Y+19,499 DR+
174 L X-34,109 Y+21,714 R0
175 L X-35,86 Y+18,682
176 L Z-2,236 F297
177 L X-32,276 Y+16,906 RL F3565
178 CC X-31,61 Y+18,25
179 C X-30,779 Y+19,499 DR+
180 L X-34,109 Y+21,714 R0
181 L X-35,86 Y+18,682
182 L Z-2,795 F297
183 L X-32,276 Y+16,906 RL F3565
184 CC X-31,61 Y+18,25
185 C X-30,779 Y+19,499 DR+
186 L X-34,109 Y+21,714 R0
187 L X-35,86 Y+18,682
188 L Z-3,355 F297
189 L X-32,276 Y+16,906 RL F3565
190 CC X-31,61 Y+18,25
191 C X-30,779 Y+19,499 DR+
192 L X-34,109 Y+21,714 R0
193 L X-35,86 Y+18,682
194 L Z-3,914 F297
195 L X-32,276 Y+16,906 RL F3565
196 CC X-31,61 Y+18,25
197 C X-30,779 Y+19,499 DR+
198 L X-34,109 Y+21,714 R0
199 L X-35,86 Y+18,682
200 L Z-4,473 F297
201 L X-32,276 Y+16,906 RL F3565
202 CC X-31,61 Y+18,25
203 C X-30,779 Y+19,499 DR+
204 L X-34,109 Y+21,714 R0
205 L X-35,86 Y+18,682
206 L Z-5,032 F297
207 L X-32,276 Y+16,906 RL F3565
208 CC X-31,61 Y+18,25
209 C X-30,779 Y+19,499 DR+
210 L X-34,109 Y+21,714 R0
211 L X-35,86 Y+18,682
212 L Z-5,591 F297
213 L X-32,276 Y+16,906 RL F3565
214 CC X-31,61 Y+18,25
215 C X-30,779 Y+19,499 DR+
216 L X-34,109 Y+21,714 R0
217 L X-35,86 Y+18,682
218 L Z-6,15 F297
219 L X-32,276 Y+16,906 RL F3565
220 CC X-31,61 Y+18,25
221 C X-30,779 Y+19,499 DR+
222 L X-34,109 Y+21,714 R0
223 L Z+50 FMAX
224 M9
225 M5
226 L Z-1 FMAX M91
227 ; T21 DIA 6 FINITION FRAISE 2 TAILLES DIAM=6. 6 DENTS CARBURE PLAQUETTES
228 ; CORRECTION USURE GAUCHE
229 ; SUREP R -0.05 SUREP Z 0.
230 TOOL CALL 21 Z S6000 DR-3
231 TOOL DEF 19
232 L X+1,8 Y-40,394 FMAX M3
233 L Z+50 FMAX M25
234 L Z+2 FMAX
235 L Z-6,15 F297
236 L X+1,547 Y-36,402 RL F500
237 CC X+0 Y-36,5
238 C X-1,547 Y-36,402 DR+
239 L X-1,8 Y-40,394 R0
240 L Z+30 FMAX
241 L X+1,8 FMAX
242 L Z+2 FMAX
243 L Z-6,15 F297
244 L X+1,547 Y-36,402 RL F500
245 CC X+0 Y-36,5
246 C X-1,547 Y-36,402 DR+
247 L X-1,8 Y-40,394 R0
248 L Z+50 FMAX
249 L X+34,082 Y+21,756 FMAX
250 L Z+2 FMAX
251 L Z-6,15 F297
252 L X+30,751 Y+19,541 RL F500
253 CC X+31,61 Y+18,25
254 C X+32,298 Y+16,861 DR+
255 L X+35,882 Y+18,638 R0
256 L Z+30 FMAX
257 L X+34,082 Y+21,756 FMAX
258 L Z+2 FMAX
259 L Z-6,15 F297
260 L X+30,751 Y+19,541 RL F500
261 CC X+31,61 Y+18,25
262 C X+32,298 Y+16,861 DR+
263 L X+35,882 Y+18,638 R0
264 L Z+50 FMAX
265 L X-35,882 FMAX
266 L Z+2 FMAX
267 L Z-6,15 F297
268 L X-32,298 Y+16,861 RL F500
269 CC X-31,61 Y+18,25
270 C X-30,751 Y+19,541 DR+
271 L X-34,082 Y+21,756 R0
272 L Z+30 FMAX
273 L X-35,882 Y+18,638 FMAX
274 L Z+2 FMAX
275 L Z-6,15 F297
276 L X-32,298 Y+16,861 RL F500
277 CC X-31,61 Y+18,25
278 C X-30,751 Y+19,541 DR+
279 L X-34,082 Y+21,756 R0
280 L Z+50 FMAX
281 M78
282 M5
283 L Z-1 FMAX M91
284 L Y-1 FMAX M91
285 M30
286 END PGM MATRICE DE DECOUPE FLAN MM
