0 BEGIN PGM PARTIE INFERIEURE OP30 20062 DFN MAJ MM
1 ; POST-PRO FICAM
2 ; MACHINE - DMG
3 ; DESSIN MASTERCAM - PARTIE INFERIEURE OP30 20062 DFN MAJ 
4 ; PROG-CN DU 03-12-20 A 14:22
5 BLK FORM 0.1 Z X+0 Y+0 Z+0
6 BLK FORM 0.2 X+0 Y+0 Z+0
7 ; LISTE DES OUTILS UTILISES
8 ; T1 ARROSAGE FORET A NOYER DIAM=12. 2 DENTS A=90. CARBURE
9 ; T9 DIA 9.8 VC 40 DMF FORET DIAM=9.8 2 DENTS A=118. ARS
10 ; T10 ALESOIR DIA 10 CARB VC 15  ALESOIR DIAM=10. 5 DENTS ARS
11 ; T4 DIA 11 VC 40 DMF FORET DIAM=11. 2 DENTS A=118. ARS
12 ; FIN DE LISTE DES OUTILS
13 L R0 FMAX
14 L Z-1 FMAX M91
15 ; *GROUPE D'USINAGE-2*
16 ; T1 ARROSAGE FORET A NOYER DIAM=12. 2 DENTS A=90. CARBURE
17 TOOL CALL 1 Z S1856 DR+0
18 TOOL DEF 9
19 L X+164,132 Y-184,262 FMAX M3
20 L Z+50 FMAX M8
21 ;  POINTAGE-PERCAGE
22 CYCL DEF 200 PERCAGE ~
    Q200=+2 ; DISTANCE D'APPROCHE~
    Q201=-5 ; PROFONDEUR~
    Q206=74 ; AVANCE PLONGEE PROF.~
    Q202=+5 ; PROFONDEUR DE PASSE~
    Q210=0. ; TEMPO. EN HAUT~
    Q203=+0 ; COORD. SURFACE PIECE~
    Q204=+50 ; SAUT DE BRIDE~
    Q211=0. ; TEMPO. AU FOND
23 L X+164,132 Y-184,262 FMAX M99
24 L X+164,582 Y-284,261 FMAX M99
25 L X+530,854 Y-198,409 FMAX M99
26 L X+486,215 Y-278,611 FMAX M99
27 L X+855,825 Y-181,145 FMAX M99
28 L X+856,275 Y-281,144 FMAX M99
29 L Z+50 FMAX
30 M9
31 M5
32 L Z-1 FMAX M91
33 ; T1 ARROSAGE FORET A NOYER DIAM=12. 2 DENTS A=90. CARBURE
34 TOOL CALL 1 Z S1856 DR+0
35 TOOL DEF 9
36 L X+129,131 Y-184,42 FMAX M3
37 L Z+50 FMAX M8
38 ;  POINTAGE-PERCAGE
39 CYCL DEF 200 PERCAGE ~
    Q200=+2 ; DISTANCE D'APPROCHE~
    Q201=-5,4 ; PROFONDEUR~
    Q206=74 ; AVANCE PLONGEE PROF.~
    Q202=+5,4 ; PROFONDEUR DE PASSE~
    Q210=0. ; TEMPO. EN HAUT~
    Q203=+0 ; COORD. SURFACE PIECE~
    Q204=+50 ; SAUT DE BRIDE~
    Q211=0. ; TEMPO. AU FOND
40 L X+129,131 Y-184,42 FMAX M99
41 L X+199,133 Y-184,105 FMAX M99
42 L X+129,582 Y-284,419 FMAX M99
43 L X+199,583 Y-284,104 FMAX M99
44 L X+440,758 Y-178,817 FMAX M99
45 L X+530,757 Y-178,404 FMAX M99
46 L X+441,207 Y-278,83 FMAX M99
47 L X+534,219 Y-281,411 FMAX M99
48 L X+820,824 Y-181,303 FMAX M99
49 L X+890,825 Y-180,988 FMAX M99
50 L X+891,275 Y-280,986 FMAX M99
51 L X+821,275 Y-281,302 FMAX M99
52 L Z+50 FMAX
53 M9
54 M5
55 L Z-1 FMAX M91
56 M00
57 ; T9 DIA 9.8 VC 40 DMF FORET DIAM=9.8 2 DENTS A=118. ARS
58 TOOL CALL 9 Z S1600 DR+0
59 TOOL DEF 10
60 L X+855,825 Y-181,145 FMAX M3
61 L Z+50 FMAX M8
62 ;  DEBOURRAGE
63 CYCL DEF 200 PERCAGE ~
    Q200=+2 ; DISTANCE D'APPROCHE~
    Q201=-65 ; PROFONDEUR~
    Q206=150 ; AVANCE PLONGEE PROF.~
    Q202=+4,9 ; PROFONDEUR DE PASSE~
    Q210=0. ; TEMPO. EN HAUT~
    Q203=+0 ; COORD. SURFACE PIECE~
    Q204=+50 ; SAUT DE BRIDE~
    Q211=0. ; TEMPO. AU FOND
64 L X+855,825 Y-181,145 FMAX M99
65 L X+856,275 Y-281,144 FMAX M99
66 L X+530,854 Y-198,409 FMAX M99
67 L X+486,215 Y-278,611 FMAX M99
68 L X+164,132 Y-184,262 FMAX M99
69 L X+164,582 Y-284,261 FMAX M99
70 L Z+50 FMAX
71 M9
72 M5
73 L Z-1 FMAX M91
74 ; T10 ALESOIR DIA 10 CARB VC 15  ALESOIR DIAM=10. 5 DENTS ARS
75 TOOL CALL 10 Z S500 DR+0
76 TOOL DEF 4
77 L X+855,825 Y-181,145 FMAX M3
78 L Z+50 FMAX M8
79 ;  POINTAGE-PERCAGE
80 CYCL DEF 200 PERCAGE ~
    Q200=+2 ; DISTANCE D'APPROCHE~
    Q201=-65 ; PROFONDEUR~
    Q206=75 ; AVANCE PLONGEE PROF.~
    Q202=+65 ; PROFONDEUR DE PASSE~
    Q210=0. ; TEMPO. EN HAUT~
    Q203=+0 ; COORD. SURFACE PIECE~
    Q204=+50 ; SAUT DE BRIDE~
    Q211=0. ; TEMPO. AU FOND
81 L X+855,825 Y-181,145 FMAX M99
82 L X+856,275 Y-281,144 FMAX M99
83 L X+530,854 Y-198,409 FMAX M99
84 L X+486,215 Y-278,611 FMAX M99
85 L X+164,132 Y-184,262 FMAX M99
86 L X+164,582 Y-284,261 FMAX M99
87 L Z+50 FMAX
88 M9
89 M5
90 L Z-1 FMAX M91
91 ; T4 DIA 11 VC 40 DMF FORET DIAM=11. 2 DENTS A=118. ARS
92 TOOL CALL 4 Z S1400 DR+0
93 TOOL DEF 1
94 L X+129,131 Y-184,42 FMAX M3
95 L Z+50 FMAX M8
96 ;  DEBOURRAGE
97 CYCL DEF 200 PERCAGE ~
    Q200=+2 ; DISTANCE D'APPROCHE~
    Q201=-65 ; PROFONDEUR~
    Q206=125 ; AVANCE PLONGEE PROF.~
    Q202=+3,3 ; PROFONDEUR DE PASSE~
    Q210=0. ; TEMPO. EN HAUT~
    Q203=+0 ; COORD. SURFACE PIECE~
    Q204=+50 ; SAUT DE BRIDE~
    Q211=0. ; TEMPO. AU FOND
98 L X+129,131 Y-184,42 FMAX M99
99 L X+199,133 Y-184,105 FMAX M99
100 L X+129,582 Y-284,419 FMAX M99
101 L X+199,583 Y-284,104 FMAX M99
102 L X+440,758 Y-178,817 FMAX M99
103 L X+530,757 Y-178,404 FMAX M99
104 L X+441,207 Y-278,83 FMAX M99
105 L X+534,219 Y-281,411 FMAX M99
106 L X+820,824 Y-181,303 FMAX M99
107 L X+890,825 Y-180,988 FMAX M99
108 L X+821,275 Y-281,302 FMAX M99
109 L X+891,275 Y-280,986 FMAX M99
110 L Z+50 FMAX
111 M9
112 M5
113 L Z-1 FMAX M91
114 L Y-1 FMAX M91
115 M30
116 END PGM PARTIE INFERIEURE OP30 20062 DFN MAJ MM
