0 BEGIN PGM SAFRAN A32790R1 MM
1 ; POST-PRO FICAM
2 ; MACHINE - DMG
3 ; DESSIN MASTERCAM - SAFRAN A32790R1
4 ; PROG-CN DU 27-11-19 A 10:55
5 BLK FORM 0.1 Z X+0 Y+0 Z+0
6 BLK FORM 0.2 X+0 Y+0 Z+0
7 ; LISTE DES OUTILS UTILISES
8 ; T1 ARROSAGE FORET A NOYER DIAM=12. 2 DENTS A=90. CARBURE
9 ; T20 CARBURE DIA5  VC 40 DMF FORET DIAM=5.1 2 DENTS A=118. ARS
10 ; T29 TARAUD A DROITE DIAM=6. 2 DENTS A=118. ARS
11 ; T19 FRAISE 2 TAILLES DIAM=6. 6 DENTS CARBURE PLAQUETTES
12 ; T21 DIA 6 FINITION FRAISE 2 TAILLES DIAM=6. 6 DENTS CARBURE PLAQUETTES
13 ; FIN DE LISTE DES OUTILS
14 L R0 FMAX
15 L Z-1 FMAX M91
16 ; *GROUPE D'USINAGE-2*
17 ; T1 ARROSAGE FORET A NOYER DIAM=12. 2 DENTS A=90. CARBURE
18 TOOL CALL 1 Z S1856 DR+0
19 TOOL DEF 20
20 L X+4,881 Y+19,776 FMAX M3
21 L Z+50 FMAX M8
22 ;  POINTAGE-PERCAGE
23 CYCL DEF 200 PERCAGE ~
    Q200=+2 ; DISTANCE D'APPROCHE~
    Q201=-2,3 ; PROFONDEUR~
    Q206=74 ; AVANCE PLONGEE PROF.~
    Q202=+2,3 ; PROFONDEUR DE PASSE~
    Q210=0. ; TEMPO. EN HAUT~
    Q203=+0 ; COORD. SURFACE PIECE~
    Q204=+50 ; SAUT DE BRIDE~
    Q211=0. ; TEMPO. AU FOND
24 L X+4,881 Y+19,776 FMAX M99
25 L X-10,811 Y+2,264 FMAX M99
26 L X+10,811 Y-2,264 FMAX M99
27 L X-4,881 Y-19,776 FMAX M99
28 L Z+50 FMAX
29 M9
30 M5
31 L Z-1 FMAX M91
32 ; T20 CARBURE DIA5  VC 40 DMF FORET DIAM=5.1 2 DENTS A=118. ARS
33 TOOL CALL 20 Z S3800 DR+0
34 TOOL DEF 1
35 L X+4,881 Y+19,776 FMAX M3
36 L Z+50 FMAX M8
37 ;  DEBOURRAGE
38 CYCL DEF 200 PERCAGE ~
    Q200=+2 ; DISTANCE D'APPROCHE~
    Q201=-32 ; PROFONDEUR~
    Q206=300 ; AVANCE PLONGEE PROF.~
    Q202=+2,55 ; PROFONDEUR DE PASSE~
    Q210=0. ; TEMPO. EN HAUT~
    Q203=+0 ; COORD. SURFACE PIECE~
    Q204=+50 ; SAUT DE BRIDE~
    Q211=0. ; TEMPO. AU FOND
39 L X+4,881 Y+19,776 FMAX M99
40 L X-10,811 Y+2,264 FMAX M99
41 L X+10,811 Y-2,264 FMAX M99
42 L X-4,881 Y-19,776 FMAX M99
43 L Z+50 FMAX
44 M9
45 M5
46 L Z-1 FMAX M91
47 ; T1 ARROSAGE FORET A NOYER DIAM=12. 2 DENTS A=90. CARBURE
48 TOOL CALL 1 Z S1856 DR+0
49 TOOL DEF 20
50 L X-25,456 Y+25,456 FMAX M3
51 L Z+50 FMAX M8
52 ;  POINTAGE-PERCAGE
53 CYCL DEF 200 PERCAGE ~
    Q200=+2 ; DISTANCE D'APPROCHE~
    Q201=-2,6 ; PROFONDEUR~
    Q206=74 ; AVANCE PLONGEE PROF.~
    Q202=+2,6 ; PROFONDEUR DE PASSE~
    Q210=0. ; TEMPO. EN HAUT~
    Q203=+0 ; COORD. SURFACE PIECE~
    Q204=+50 ; SAUT DE BRIDE~
    Q211=0. ; TEMPO. AU FOND
54 L X-25,456 Y+25,456 FMAX M99
55 L X+25,456 FMAX M99
56 L Y-25,456 FMAX M99
57 L X-25,456 FMAX M99
58 L Z+50 FMAX
59 M9
60 M5
61 L Z-1 FMAX M91
62 ; T20 CARBURE DIA5  VC 40 DMF FORET DIAM=5.1 2 DENTS A=118. ARS
63 TOOL CALL 20 Z S3800 DR+0
64 TOOL DEF 29
65 L X-25,456 Y+25,456 FMAX M3
66 L Z+50 FMAX M8
67 ;  DEBOURRAGE
68 CYCL DEF 200 PERCAGE ~
    Q200=+2 ; DISTANCE D'APPROCHE~
    Q201=-32 ; PROFONDEUR~
    Q206=300 ; AVANCE PLONGEE PROF.~
    Q202=+2,55 ; PROFONDEUR DE PASSE~
    Q210=0. ; TEMPO. EN HAUT~
    Q203=+0 ; COORD. SURFACE PIECE~
    Q204=+50 ; SAUT DE BRIDE~
    Q211=0. ; TEMPO. AU FOND
69 L X-25,456 Y+25,456 FMAX M99
70 L X+25,456 FMAX M99
71 L Y-25,456 FMAX M99
72 L X-25,456 FMAX M99
73 L Z+50 FMAX
74 M9
75 M5
76 L Z-1 FMAX M91
77 M00
78 ; T29 TARAUD A DROITE DIAM=6. 2 DENTS A=118. ARS
79 TOOL CALL 29 Z S200 DR+0
80 TOOL DEF 19
81 L X-25,456 Y+25,456 FMAX M3
82 L Z+50 FMAX M8
83 ;  TARAUDAGE
84 CYCL DEF 207 NOUV. TARAUDAGE RIG. ~
    Q200=+2 ; DISTANCE D'APPROCHE~
    Q201=-15 ; PROFONDEUR~
    Q239=1. ; PAS DE VIS~
    Q203=+0 ; COORD. SURFACE PIECE~
    Q204=+50 ; SAUT DE BRIDE
85 L X-25,456 Y+25,456 FMAX M99
86 L X+25,456 FMAX M99
87 L Y-25,456 FMAX M99
88 L X-25,456 FMAX M99
89 L Z+50 FMAX
90 M9
91 M5
92 L Z-1 FMAX M91
93 ; T19 FRAISE 2 TAILLES DIAM=6. 6 DENTS CARBURE PLAQUETTES
94 ; CORRECTION AUCUNE
95 ; SUREP R 0. SUREP Z 0.
96 TOOL CALL 19 Z S7427 DR+0
97 TOOL DEF 21
98 L X+0 Y+0 FMAX M3
99 L Z+50 FMAX M8
100 L Z+2 FMAX
101 L Z-0,249 F297
102 L X+0,731 F3565
103 CC X-0,394 Y+0
104 C X-1,519 Y+0 DR+
105 CC X+1,106 Y+0
106 C X+3,731 Y+0 DR+
107 CC X-0,394 Y+0
108 C X-4,519 Y+0 DR+
109 CC X+1,106 Y+0
110 C X+6,731 Y+0 DR+
111 CC X-0,394 Y+0
112 C X-7,519 Y+0 DR+
113 CC X+1,106 Y+0
114 C X+9,731 Y+0 DR+
115 CC X-0,394 Y+0
116 C X-10,519 Y+0 DR+
117 CC X+1,106 Y+0
118 C X+12,731 Y+0 DR+
119 CC X-0,394 Y+0
120 C X-13,519 Y+0 DR+
121 CC X+1,106 Y+0
122 C X+15,731 Y+0 DR+
123 CC X-0,394 Y+0
124 C X-16,519 Y+0 DR+
125 CC X+1,106 Y+0
126 C X+18,731 Y+0 DR+
127 CC X-0,394 Y+0
128 C X-19 Y+4,425 DR+
129 L Y-4,598
130 CC X+1,106 Y+0
131 C X+17,217 Y-12,877 DR+
132 CC X+0 Y+0
133 C X-18,404 Y+11,115 DR+
134 L X-18,581 Y+10,822
135 L X-18,82 Y+10,575
136 CC X-18,103 Y+9,878
137 C X-19,078 Y+9,653 DR+
138 L X-19 Y+9,318
139 L Y-9,318
140 L X-19,078 Y-9,653
141 CC X-18,103 Y-9,878
142 C X-18,82 Y-10,575 DR+
143 L X-18,581 Y-10,822
144 L X-18,404 Y-11,115
145 CC X+0 Y+0
146 C X+17,217 Y-12,877 DR+
147 L X+0 Y+0
148 L Z-0,497 F297
149 L X+0,731 F3565
150 CC X-0,394 Y+0
151 C X-1,519 Y+0 DR+
152 CC X+1,106 Y+0
153 C X+3,731 Y+0 DR+
154 CC X-0,394 Y+0
155 C X-4,519 Y+0 DR+
156 CC X+1,106 Y+0
157 C X+6,731 Y+0 DR+
158 CC X-0,394 Y+0
159 C X-7,519 Y+0 DR+
160 CC X+1,106 Y+0
161 C X+9,731 Y+0 DR+
162 CC X-0,394 Y+0
163 C X-10,519 Y+0 DR+
164 CC X+1,106 Y+0
165 C X+12,731 Y+0 DR+
166 CC X-0,394 Y+0
167 C X-13,519 Y+0 DR+
168 CC X+1,106 Y+0
169 C X+15,731 Y+0 DR+
170 CC X-0,394 Y+0
171 C X-16,519 Y+0 DR+
172 CC X+1,106 Y+0
173 C X+18,731 Y+0 DR+
174 CC X-0,394 Y+0
175 C X-19 Y+4,425 DR+
176 L Y-4,598
177 CC X+1,106 Y+0
178 C X+17,217 Y-12,877 DR+
179 CC X+0 Y+0
180 C X-18,404 Y+11,115 DR+
181 L X-18,581 Y+10,822
182 L X-18,82 Y+10,575
183 CC X-18,103 Y+9,878
184 C X-19,078 Y+9,653 DR+
185 L X-19 Y+9,318
186 L Y-9,318
187 L X-19,078 Y-9,653
188 CC X-18,103 Y-9,878
189 C X-18,82 Y-10,575 DR+
190 L X-18,581 Y-10,822
191 L X-18,404 Y-11,115
192 CC X+0 Y+0
193 C X+17,217 Y-12,877 DR+
194 L X+0 Y+0
195 L Z-0,746 F297
196 L X+0,731 F3565
197 CC X-0,394 Y+0
198 C X-1,519 Y+0 DR+
199 CC X+1,106 Y+0
200 C X+3,731 Y+0 DR+
201 CC X-0,394 Y+0
202 C X-4,519 Y+0 DR+
203 CC X+1,106 Y+0
204 C X+6,731 Y+0 DR+
205 CC X-0,394 Y+0
206 C X-7,519 Y+0 DR+
207 CC X+1,106 Y+0
208 C X+9,731 Y+0 DR+
209 CC X-0,394 Y+0
210 C X-10,519 Y+0 DR+
211 CC X+1,106 Y+0
212 C X+12,731 Y+0 DR+
213 CC X-0,394 Y+0
214 C X-13,519 Y+0 DR+
215 CC X+1,106 Y+0
216 C X+15,731 Y+0 DR+
217 CC X-0,394 Y+0
218 C X-16,519 Y+0 DR+
219 CC X+1,106 Y+0
220 C X+18,731 Y+0 DR+
221 CC X-0,394 Y+0
222 C X-19 Y+4,425 DR+
223 L Y-4,598
224 CC X+1,106 Y+0
225 C X+17,217 Y-12,877 DR+
226 CC X+0 Y+0
227 C X-18,404 Y+11,115 DR+
228 L X-18,581 Y+10,822
229 L X-18,82 Y+10,575
230 CC X-18,103 Y+9,878
231 C X-19,078 Y+9,653 DR+
232 L X-19 Y+9,318
233 L Y-9,318
234 L X-19,078 Y-9,653
235 CC X-18,103 Y-9,878
236 C X-18,82 Y-10,575 DR+
237 L X-18,581 Y-10,822
238 L X-18,404 Y-11,115
239 CC X+0 Y+0
240 C X+17,217 Y-12,877 DR+
241 L X+0 Y+0
242 L Z-0,994 F297
243 L X+0,731 F3565
244 CC X-0,394 Y+0
245 C X-1,519 Y+0 DR+
246 CC X+1,106 Y+0
247 C X+3,731 Y+0 DR+
248 CC X-0,394 Y+0
249 C X-4,519 Y+0 DR+
250 CC X+1,106 Y+0
251 C X+6,731 Y+0 DR+
252 CC X-0,394 Y+0
253 C X-7,519 Y+0 DR+
254 CC X+1,106 Y+0
255 C X+9,731 Y+0 DR+
256 CC X-0,394 Y+0
257 C X-10,519 Y+0 DR+
258 CC X+1,106 Y+0
259 C X+12,731 Y+0 DR+
260 CC X-0,394 Y+0
261 C X-13,519 Y+0 DR+
262 CC X+1,106 Y+0
263 C X+15,731 Y+0 DR+
264 CC X-0,394 Y+0
265 C X-16,519 Y+0 DR+
266 CC X+1,106 Y+0
267 C X+18,731 Y+0 DR+
268 CC X-0,394 Y+0
269 C X-19 Y+4,425 DR+
270 L Y-4,598
271 CC X+1,106 Y+0
272 C X+17,217 Y-12,877 DR+
273 CC X+0 Y+0
274 C X-18,404 Y+11,115 DR+
275 L X-18,581 Y+10,822
276 L X-18,82 Y+10,575
277 CC X-18,103 Y+9,878
278 C X-19,078 Y+9,653 DR+
279 L X-19 Y+9,318
280 L Y-9,318
281 L X-19,078 Y-9,653
282 CC X-18,103 Y-9,878
283 C X-18,82 Y-10,575 DR+
284 L X-18,581 Y-10,822
285 L X-18,404 Y-11,115
286 CC X+0 Y+0
287 C X+17,217 Y-12,877 DR+
288 L X+0 Y+0
289 L Z-1,243 F297
290 L X+0,731 F3565
291 CC X-0,394 Y+0
292 C X-1,519 Y+0 DR+
293 CC X+1,106 Y+0
294 C X+3,731 Y+0 DR+
295 CC X-0,394 Y+0
296 C X-4,519 Y+0 DR+
297 CC X+1,106 Y+0
298 C X+6,731 Y+0 DR+
299 CC X-0,394 Y+0
300 C X-7,519 Y+0 DR+
301 CC X+1,106 Y+0
302 C X+9,731 Y+0 DR+
303 CC X-0,394 Y+0
304 C X-10,519 Y+0 DR+
305 CC X+1,106 Y+0
306 C X+12,731 Y+0 DR+
307 CC X-0,394 Y+0
308 C X-13,519 Y+0 DR+
309 CC X+1,106 Y+0
310 C X+15,731 Y+0 DR+
311 CC X-0,394 Y+0
312 C X-16,519 Y+0 DR+
313 CC X+1,106 Y+0
314 C X+18,731 Y+0 DR+
315 CC X-0,394 Y+0
316 C X-19 Y+4,425 DR+
317 L Y-4,598
318 CC X+1,106 Y+0
319 C X+17,217 Y-12,877 DR+
320 CC X+0 Y+0
321 C X-18,404 Y+11,115 DR+
322 L X-18,581 Y+10,822
323 L X-18,82 Y+10,575
324 CC X-18,103 Y+9,878
325 C X-19,078 Y+9,653 DR+
326 L X-19 Y+9,318
327 L Y-9,318
328 L X-19,078 Y-9,653
329 CC X-18,103 Y-9,878
330 C X-18,82 Y-10,575 DR+
331 L X-18,581 Y-10,822
332 L X-18,404 Y-11,115
333 CC X+0 Y+0
334 C X+17,217 Y-12,877 DR+
335 L X+0 Y+0
336 L Z-1,492 F297
337 L X+0,731 F3565
338 CC X-0,394 Y+0
339 C X-1,519 Y+0 DR+
340 CC X+1,106 Y+0
341 C X+3,731 Y+0 DR+
342 CC X-0,394 Y+0
343 C X-4,519 Y+0 DR+
344 CC X+1,106 Y+0
345 C X+6,731 Y+0 DR+
346 CC X-0,394 Y+0
347 C X-7,519 Y+0 DR+
348 CC X+1,106 Y+0
349 C X+9,731 Y+0 DR+
350 CC X-0,394 Y+0
351 C X-10,519 Y+0 DR+
352 CC X+1,106 Y+0
353 C X+12,731 Y+0 DR+
354 CC X-0,394 Y+0
355 C X-13,519 Y+0 DR+
356 CC X+1,106 Y+0
357 C X+15,731 Y+0 DR+
358 CC X-0,394 Y+0
359 C X-16,519 Y+0 DR+
360 CC X+1,106 Y+0
361 C X+18,731 Y+0 DR+
362 CC X-0,394 Y+0
363 C X-19 Y+4,425 DR+
364 L Y-4,598
365 CC X+1,106 Y+0
366 C X+17,217 Y-12,877 DR+
367 CC X+0 Y+0
368 C X-18,404 Y+11,115 DR+
369 L X-18,581 Y+10,822
370 L X-18,82 Y+10,575
371 CC X-18,103 Y+9,878
372 C X-19,078 Y+9,653 DR+
373 L X-19 Y+9,318
374 L Y-9,318
375 L X-19,078 Y-9,653
376 CC X-18,103 Y-9,878
377 C X-18,82 Y-10,575 DR+
378 L X-18,581 Y-10,822
379 L X-18,404 Y-11,115
380 CC X+0 Y+0
381 C X+17,217 Y-12,877 DR+
382 L X+0 Y+0
383 L Z-1,74 F297
384 L X+0,731 F3565
385 CC X-0,394 Y+0
386 C X-1,519 Y+0 DR+
387 CC X+1,106 Y+0
388 C X+3,731 Y+0 DR+
389 CC X-0,394 Y+0
390 C X-4,519 Y+0 DR+
391 CC X+1,106 Y+0
392 C X+6,731 Y+0 DR+
393 CC X-0,394 Y+0
394 C X-7,519 Y+0 DR+
395 CC X+1,106 Y+0
396 C X+9,731 Y+0 DR+
397 CC X-0,394 Y+0
398 C X-10,519 Y+0 DR+
399 CC X+1,106 Y+0
400 C X+12,731 Y+0 DR+
401 CC X-0,394 Y+0
402 C X-13,519 Y+0 DR+
403 CC X+1,106 Y+0
404 C X+15,731 Y+0 DR+
405 CC X-0,394 Y+0
406 C X-16,519 Y+0 DR+
407 CC X+1,106 Y+0
408 C X+18,731 Y+0 DR+
409 CC X-0,394 Y+0
410 C X-19 Y+4,425 DR+
411 L Y-4,598
412 CC X+1,106 Y+0
413 C X+17,217 Y-12,877 DR+
414 CC X+0 Y+0
415 C X-18,404 Y+11,115 DR+
416 L X-18,581 Y+10,822
417 L X-18,82 Y+10,575
418 CC X-18,103 Y+9,878
419 C X-19,078 Y+9,653 DR+
420 L X-19 Y+9,318
421 L Y-9,318
422 L X-19,078 Y-9,653
423 CC X-18,103 Y-9,878
424 C X-18,82 Y-10,575 DR+
425 L X-18,581 Y-10,822
426 L X-18,404 Y-11,115
427 CC X+0 Y+0
428 C X+17,217 Y-12,877 DR+
429 L X+0 Y+0
430 L Z-1,989 F297
431 L X+0,731 F3565
432 CC X-0,394 Y+0
433 C X-1,519 Y+0 DR+
434 CC X+1,106 Y+0
435 C X+3,731 Y+0 DR+
436 CC X-0,394 Y+0
437 C X-4,519 Y+0 DR+
438 CC X+1,106 Y+0
439 C X+6,731 Y+0 DR+
440 CC X-0,394 Y+0
441 C X-7,519 Y+0 DR+
442 CC X+1,106 Y+0
443 C X+9,731 Y+0 DR+
444 CC X-0,394 Y+0
445 C X-10,519 Y+0 DR+
446 CC X+1,106 Y+0
447 C X+12,731 Y+0 DR+
448 CC X-0,394 Y+0
449 C X-13,519 Y+0 DR+
450 CC X+1,106 Y+0
451 C X+15,731 Y+0 DR+
452 CC X-0,394 Y+0
453 C X-16,519 Y+0 DR+
454 CC X+1,106 Y+0
455 C X+18,731 Y+0 DR+
456 CC X-0,394 Y+0
457 C X-19 Y+4,425 DR+
458 L Y-4,598
459 CC X+1,106 Y+0
460 C X+17,217 Y-12,877 DR+
461 CC X+0 Y+0
462 C X-18,404 Y+11,115 DR+
463 L X-18,581 Y+10,822
464 L X-18,82 Y+10,575
465 CC X-18,103 Y+9,878
466 C X-19,078 Y+9,653 DR+
467 L X-19 Y+9,318
468 L Y-9,318
469 L X-19,078 Y-9,653
470 CC X-18,103 Y-9,878
471 C X-18,82 Y-10,575 DR+
472 L X-18,581 Y-10,822
473 L X-18,404 Y-11,115
474 CC X+0 Y+0
475 C X+17,217 Y-12,877 DR+
476 L X+0 Y+0
477 L Z-2,237 F297
478 L X+0,731 F3565
479 CC X-0,394 Y+0
480 C X-1,519 Y+0 DR+
481 CC X+1,106 Y+0
482 C X+3,731 Y+0 DR+
483 CC X-0,394 Y+0
484 C X-4,519 Y+0 DR+
485 CC X+1,106 Y+0
486 C X+6,731 Y+0 DR+
487 CC X-0,394 Y+0
488 C X-7,519 Y+0 DR+
489 CC X+1,106 Y+0
490 C X+9,731 Y+0 DR+
491 CC X-0,394 Y+0
492 C X-10,519 Y+0 DR+
493 CC X+1,106 Y+0
494 C X+12,731 Y+0 DR+
495 CC X-0,394 Y+0
496 C X-13,519 Y+0 DR+
497 CC X+1,106 Y+0
498 C X+15,731 Y+0 DR+
499 CC X-0,394 Y+0
500 C X-16,519 Y+0 DR+
501 CC X+1,106 Y+0
502 C X+18,731 Y+0 DR+
503 CC X-0,394 Y+0
504 C X-19 Y+4,425 DR+
505 L Y-4,598
506 CC X+1,106 Y+0
507 C X+17,217 Y-12,877 DR+
508 CC X+0 Y+0
509 C X-18,404 Y+11,115 DR+
510 L X-18,581 Y+10,822
511 L X-18,82 Y+10,575
512 CC X-18,103 Y+9,878
513 C X-19,078 Y+9,653 DR+
514 L X-19 Y+9,318
515 L Y-9,318
516 L X-19,078 Y-9,653
517 CC X-18,103 Y-9,878
518 C X-18,82 Y-10,575 DR+
519 L X-18,581 Y-10,822
520 L X-18,404 Y-11,115
521 CC X+0 Y+0
522 C X+17,217 Y-12,877 DR+
523 L X+0 Y+0
524 L Z-2,486 F297
525 L X+0,731 F3565
526 CC X-0,394 Y+0
527 C X-1,519 Y+0 DR+
528 CC X+1,106 Y+0
529 C X+3,731 Y+0 DR+
530 CC X-0,394 Y+0
531 C X-4,519 Y+0 DR+
532 CC X+1,106 Y+0
533 C X+6,731 Y+0 DR+
534 CC X-0,394 Y+0
535 C X-7,519 Y+0 DR+
536 CC X+1,106 Y+0
537 C X+9,731 Y+0 DR+
538 CC X-0,394 Y+0
539 C X-10,519 Y+0 DR+
540 CC X+1,106 Y+0
541 C X+12,731 Y+0 DR+
542 CC X-0,394 Y+0
543 C X-13,519 Y+0 DR+
544 CC X+1,106 Y+0
545 C X+15,731 Y+0 DR+
546 CC X-0,394 Y+0
547 C X-16,519 Y+0 DR+
548 CC X+1,106 Y+0
549 C X+18,731 Y+0 DR+
550 CC X-0,394 Y+0
551 C X-19 Y+4,425 DR+
552 L Y-4,598
553 CC X+1,106 Y+0
554 C X+17,217 Y-12,877 DR+
555 CC X+0 Y+0
556 C X-18,404 Y+11,115 DR+
557 L X-18,581 Y+10,822
558 L X-18,82 Y+10,575
559 CC X-18,103 Y+9,878
560 C X-19,078 Y+9,653 DR+
561 L X-19 Y+9,318
562 L Y-9,318
563 L X-19,078 Y-9,653
564 CC X-18,103 Y-9,878
565 C X-18,82 Y-10,575 DR+
566 L X-18,581 Y-10,822
567 L X-18,404 Y-11,115
568 CC X+0 Y+0
569 C X+17,217 Y-12,877 DR+
570 L X+0 Y+0
571 L Z-2,735 F297
572 L X+0,731 F3565
573 CC X-0,394 Y+0
574 C X-1,519 Y+0 DR+
575 CC X+1,106 Y+0
576 C X+3,731 Y+0 DR+
577 CC X-0,394 Y+0
578 C X-4,519 Y+0 DR+
579 CC X+1,106 Y+0
580 C X+6,731 Y+0 DR+
581 CC X-0,394 Y+0
582 C X-7,519 Y+0 DR+
583 CC X+1,106 Y+0
584 C X+9,731 Y+0 DR+
585 CC X-0,394 Y+0
586 C X-10,519 Y+0 DR+
587 CC X+1,106 Y+0
588 C X+12,731 Y+0 DR+
589 CC X-0,394 Y+0
590 C X-13,519 Y+0 DR+
591 CC X+1,106 Y+0
592 C X+15,731 Y+0 DR+
593 CC X-0,394 Y+0
594 C X-16,519 Y+0 DR+
595 CC X+1,106 Y+0
596 C X+18,731 Y+0 DR+
597 CC X-0,394 Y+0
598 C X-19 Y+4,425 DR+
599 L Y-4,598
600 CC X+1,106 Y+0
601 C X+17,217 Y-12,877 DR+
602 CC X+0 Y+0
603 C X-18,404 Y+11,115 DR+
604 L X-18,581 Y+10,822
605 L X-18,82 Y+10,575
606 CC X-18,103 Y+9,878
607 C X-19,078 Y+9,653 DR+
608 L X-19 Y+9,318
609 L Y-9,318
610 L X-19,078 Y-9,653
611 CC X-18,103 Y-9,878
612 C X-18,82 Y-10,575 DR+
613 L X-18,581 Y-10,822
614 L X-18,404 Y-11,115
615 CC X+0 Y+0
616 C X+17,217 Y-12,877 DR+
617 L X+0 Y+0
618 L Z-2,983 F297
619 L X+0,731 F3565
620 CC X-0,394 Y+0
621 C X-1,519 Y+0 DR+
622 CC X+1,106 Y+0
623 C X+3,731 Y+0 DR+
624 CC X-0,394 Y+0
625 C X-4,519 Y+0 DR+
626 CC X+1,106 Y+0
627 C X+6,731 Y+0 DR+
628 CC X-0,394 Y+0
629 C X-7,519 Y+0 DR+
630 CC X+1,106 Y+0
631 C X+9,731 Y+0 DR+
632 CC X-0,394 Y+0
633 C X-10,519 Y+0 DR+
634 CC X+1,106 Y+0
635 C X+12,731 Y+0 DR+
636 CC X-0,394 Y+0
637 C X-13,519 Y+0 DR+
638 CC X+1,106 Y+0
639 C X+15,731 Y+0 DR+
640 CC X-0,394 Y+0
641 C X-16,519 Y+0 DR+
642 CC X+1,106 Y+0
643 C X+18,731 Y+0 DR+
644 CC X-0,394 Y+0
645 C X-19 Y+4,425 DR+
646 L Y-4,598
647 CC X+1,106 Y+0
648 C X+17,217 Y-12,877 DR+
649 CC X+0 Y+0
650 C X-18,404 Y+11,115 DR+
651 L X-18,581 Y+10,822
652 L X-18,82 Y+10,575
653 CC X-18,103 Y+9,878
654 C X-19,078 Y+9,653 DR+
655 L X-19 Y+9,318
656 L Y-9,318
657 L X-19,078 Y-9,653
658 CC X-18,103 Y-9,878
659 C X-18,82 Y-10,575 DR+
660 L X-18,581 Y-10,822
661 L X-18,404 Y-11,115
662 CC X+0 Y+0
663 C X+17,217 Y-12,877 DR+
664 L X+0 Y+0
665 L Z-3,232 F297
666 L X+0,731 F3565
667 CC X-0,394 Y+0
668 C X-1,519 Y+0 DR+
669 CC X+1,106 Y+0
670 C X+3,731 Y+0 DR+
671 CC X-0,394 Y+0
672 C X-4,519 Y+0 DR+
673 CC X+1,106 Y+0
674 C X+6,731 Y+0 DR+
675 CC X-0,394 Y+0
676 C X-7,519 Y+0 DR+
677 CC X+1,106 Y+0
678 C X+9,731 Y+0 DR+
679 CC X-0,394 Y+0
680 C X-10,519 Y+0 DR+
681 CC X+1,106 Y+0
682 C X+12,731 Y+0 DR+
683 CC X-0,394 Y+0
684 C X-13,519 Y+0 DR+
685 CC X+1,106 Y+0
686 C X+15,731 Y+0 DR+
687 CC X-0,394 Y+0
688 C X-16,519 Y+0 DR+
689 CC X+1,106 Y+0
690 C X+18,731 Y+0 DR+
691 CC X-0,394 Y+0
692 C X-19 Y+4,425 DR+
693 L Y-4,598
694 CC X+1,106 Y+0
695 C X+17,217 Y-12,877 DR+
696 CC X+0 Y+0
697 C X-18,404 Y+11,115 DR+
698 L X-18,581 Y+10,822
699 L X-18,82 Y+10,575
700 CC X-18,103 Y+9,878
701 C X-19,078 Y+9,653 DR+
702 L X-19 Y+9,318
703 L Y-9,318
704 L X-19,078 Y-9,653
705 CC X-18,103 Y-9,878
706 C X-18,82 Y-10,575 DR+
707 L X-18,581 Y-10,822
708 L X-18,404 Y-11,115
709 CC X+0 Y+0
710 C X+17,217 Y-12,877 DR+
711 L X+0 Y+0
712 L Z-3,481 F297
713 L X+0,731 F3565
714 CC X-0,394 Y+0
715 C X-1,519 Y+0 DR+
716 CC X+1,106 Y+0
717 C X+3,731 Y+0 DR+
718 CC X-0,394 Y+0
719 C X-4,519 Y+0 DR+
720 CC X+1,106 Y+0
721 C X+6,731 Y+0 DR+
722 CC X-0,394 Y+0
723 C X-7,519 Y+0 DR+
724 CC X+1,106 Y+0
725 C X+9,731 Y+0 DR+
726 CC X-0,394 Y+0
727 C X-10,519 Y+0 DR+
728 CC X+1,106 Y+0
729 C X+12,731 Y+0 DR+
730 CC X-0,394 Y+0
731 C X-13,519 Y+0 DR+
732 CC X+1,106 Y+0
733 C X+15,731 Y+0 DR+
734 CC X-0,394 Y+0
735 C X-16,519 Y+0 DR+
736 CC X+1,106 Y+0
737 C X+18,731 Y+0 DR+
738 CC X-0,394 Y+0
739 C X-19 Y+4,425 DR+
740 L Y-4,598
741 CC X+1,106 Y+0
742 C X+17,217 Y-12,877 DR+
743 CC X+0 Y+0
744 C X-18,404 Y+11,115 DR+
745 L X-18,581 Y+10,822
746 L X-18,82 Y+10,575
747 CC X-18,103 Y+9,878
748 C X-19,078 Y+9,653 DR+
749 L X-19 Y+9,318
750 L Y-9,318
751 L X-19,078 Y-9,653
752 CC X-18,103 Y-9,878
753 C X-18,82 Y-10,575 DR+
754 L X-18,581 Y-10,822
755 L X-18,404 Y-11,115
756 CC X+0 Y+0
757 C X+17,217 Y-12,877 DR+
758 L X+0 Y+0
759 L Z-3,729 F297
760 L X+0,731 F3565
761 CC X-0,394 Y+0
762 C X-1,519 Y+0 DR+
763 CC X+1,106 Y+0
764 C X+3,731 Y+0 DR+
765 CC X-0,394 Y+0
766 C X-4,519 Y+0 DR+
767 CC X+1,106 Y+0
768 C X+6,731 Y+0 DR+
769 CC X-0,394 Y+0
770 C X-7,519 Y+0 DR+
771 CC X+1,106 Y+0
772 C X+9,731 Y+0 DR+
773 CC X-0,394 Y+0
774 C X-10,519 Y+0 DR+
775 CC X+1,106 Y+0
776 C X+12,731 Y+0 DR+
777 CC X-0,394 Y+0
778 C X-13,519 Y+0 DR+
779 CC X+1,106 Y+0
780 C X+15,731 Y+0 DR+
781 CC X-0,394 Y+0
782 C X-16,519 Y+0 DR+
783 CC X+1,106 Y+0
784 C X+18,731 Y+0 DR+
785 CC X-0,394 Y+0
786 C X-19 Y+4,425 DR+
787 L Y-4,598
788 CC X+1,106 Y+0
789 C X+17,217 Y-12,877 DR+
790 CC X+0 Y+0
791 C X-18,404 Y+11,115 DR+
792 L X-18,581 Y+10,822
793 L X-18,82 Y+10,575
794 CC X-18,103 Y+9,878
795 C X-19,078 Y+9,653 DR+
796 L X-19 Y+9,318
797 L Y-9,318
798 L X-19,078 Y-9,653
799 CC X-18,103 Y-9,878
800 C X-18,82 Y-10,575 DR+
801 L X-18,581 Y-10,822
802 L X-18,404 Y-11,115
803 CC X+0 Y+0
804 C X+17,217 Y-12,877 DR+
805 L X+0 Y+0
806 L Z-3,978 F297
807 L X+0,731 F3565
808 CC X-0,394 Y+0
809 C X-1,519 Y+0 DR+
810 CC X+1,106 Y+0
811 C X+3,731 Y+0 DR+
812 CC X-0,394 Y+0
813 C X-4,519 Y+0 DR+
814 CC X+1,106 Y+0
815 C X+6,731 Y+0 DR+
816 CC X-0,394 Y+0
817 C X-7,519 Y+0 DR+
818 CC X+1,106 Y+0
819 C X+9,731 Y+0 DR+
820 CC X-0,394 Y+0
821 C X-10,519 Y+0 DR+
822 CC X+1,106 Y+0
823 C X+12,731 Y+0 DR+
824 CC X-0,394 Y+0
825 C X-13,519 Y+0 DR+
826 CC X+1,106 Y+0
827 C X+15,731 Y+0 DR+
828 CC X-0,394 Y+0
829 C X-16,519 Y+0 DR+
830 CC X+1,106 Y+0
831 C X+18,731 Y+0 DR+
832 CC X-0,394 Y+0
833 C X-19 Y+4,425 DR+
834 L Y-4,598
835 CC X+1,106 Y+0
836 C X+17,217 Y-12,877 DR+
837 CC X+0 Y+0
838 C X-18,404 Y+11,115 DR+
839 L X-18,581 Y+10,822
840 L X-18,82 Y+10,575
841 CC X-18,103 Y+9,878
842 C X-19,078 Y+9,653 DR+
843 L X-19 Y+9,318
844 L Y-9,318
845 L X-19,078 Y-9,653
846 CC X-18,103 Y-9,878
847 C X-18,82 Y-10,575 DR+
848 L X-18,581 Y-10,822
849 L X-18,404 Y-11,115
850 CC X+0 Y+0
851 C X+17,217 Y-12,877 DR+
852 L X+0 Y+0
853 L Z-4,226 F297
854 L X+0,731 F3565
855 CC X-0,394 Y+0
856 C X-1,519 Y+0 DR+
857 CC X+1,106 Y+0
858 C X+3,731 Y+0 DR+
859 CC X-0,394 Y+0
860 C X-4,519 Y+0 DR+
861 CC X+1,106 Y+0
862 C X+6,731 Y+0 DR+
863 CC X-0,394 Y+0
864 C X-7,519 Y+0 DR+
865 CC X+1,106 Y+0
866 C X+9,731 Y+0 DR+
867 CC X-0,394 Y+0
868 C X-10,519 Y+0 DR+
869 CC X+1,106 Y+0
870 C X+12,731 Y+0 DR+
871 CC X-0,394 Y+0
872 C X-13,519 Y+0 DR+
873 CC X+1,106 Y+0
874 C X+15,731 Y+0 DR+
875 CC X-0,394 Y+0
876 C X-16,519 Y+0 DR+
877 CC X+1,106 Y+0
878 C X+18,731 Y+0 DR+
879 CC X-0,394 Y+0
880 C X-19 Y+4,425 DR+
881 L Y-4,598
882 CC X+1,106 Y+0
883 C X+17,217 Y-12,877 DR+
884 CC X+0 Y+0
885 C X-18,404 Y+11,115 DR+
886 L X-18,581 Y+10,822
887 L X-18,82 Y+10,575
888 CC X-18,103 Y+9,878
889 C X-19,078 Y+9,653 DR+
890 L X-19 Y+9,318
891 L Y-9,318
892 L X-19,078 Y-9,653
893 CC X-18,103 Y-9,878
894 C X-18,82 Y-10,575 DR+
895 L X-18,581 Y-10,822
896 L X-18,404 Y-11,115
897 CC X+0 Y+0
898 C X+17,217 Y-12,877 DR+
899 L X+0 Y+0
900 L Z-4,475 F297
901 L X+0,731 F3565
902 CC X-0,394 Y+0
903 C X-1,519 Y+0 DR+
904 CC X+1,106 Y+0
905 C X+3,731 Y+0 DR+
906 CC X-0,394 Y+0
907 C X-4,519 Y+0 DR+
908 CC X+1,106 Y+0
909 C X+6,731 Y+0 DR+
910 CC X-0,394 Y+0
911 C X-7,519 Y+0 DR+
912 CC X+1,106 Y+0
913 C X+9,731 Y+0 DR+
914 CC X-0,394 Y+0
915 C X-10,519 Y+0 DR+
916 CC X+1,106 Y+0
917 C X+12,731 Y+0 DR+
918 CC X-0,394 Y+0
919 C X-13,519 Y+0 DR+
920 CC X+1,106 Y+0
921 C X+15,731 Y+0 DR+
922 CC X-0,394 Y+0
923 C X-16,519 Y+0 DR+
924 CC X+1,106 Y+0
925 C X+18,731 Y+0 DR+
926 CC X-0,394 Y+0
927 C X-19 Y+4,425 DR+
928 L Y-4,598
929 CC X+1,106 Y+0
930 C X+17,217 Y-12,877 DR+
931 CC X+0 Y+0
932 C X-18,404 Y+11,115 DR+
933 L X-18,581 Y+10,822
934 L X-18,82 Y+10,575
935 CC X-18,103 Y+9,878
936 C X-19,078 Y+9,653 DR+
937 L X-19 Y+9,318
938 L Y-9,318
939 L X-19,078 Y-9,653
940 CC X-18,103 Y-9,878
941 C X-18,82 Y-10,575 DR+
942 L X-18,581 Y-10,822
943 L X-18,404 Y-11,115
944 CC X+0 Y+0
945 C X+17,217 Y-12,877 DR+
946 L X+0 Y+0
947 L Z-4,5 F297
948 L X+0,731 F3565
949 CC X-0,394 Y+0
950 C X-1,519 Y+0 DR+
951 CC X+1,106 Y+0
952 C X+3,731 Y+0 DR+
953 CC X-0,394 Y+0
954 C X-4,519 Y+0 DR+
955 CC X+1,106 Y+0
956 C X+6,731 Y+0 DR+
957 CC X-0,394 Y+0
958 C X-7,519 Y+0 DR+
959 CC X+1,106 Y+0
960 C X+9,731 Y+0 DR+
961 CC X-0,394 Y+0
962 C X-10,519 Y+0 DR+
963 CC X+1,106 Y+0
964 C X+12,731 Y+0 DR+
965 CC X-0,394 Y+0
966 C X-13,519 Y+0 DR+
967 CC X+1,106 Y+0
968 C X+15,731 Y+0 DR+
969 CC X-0,394 Y+0
970 C X-16,519 Y+0 DR+
971 CC X+1,106 Y+0
972 C X+18,731 Y+0 DR+
973 CC X-0,394 Y+0
974 C X-19 Y+4,425 DR+
975 L Y-4,598
976 CC X+1,106 Y+0
977 C X+17,217 Y-12,877 DR+
978 CC X+0 Y+0
979 C X-18,404 Y+11,115 DR+
980 L X-18,581 Y+10,822
981 L X-18,82 Y+10,575
982 CC X-18,103 Y+9,878
983 C X-19,078 Y+9,653 DR+
984 L X-19 Y+9,318
985 L Y-9,318
986 L X-19,078 Y-9,653
987 CC X-18,103 Y-9,878
988 C X-18,82 Y-10,575 DR+
989 L X-18,581 Y-10,822
990 L X-18,404 Y-11,115
991 CC X+0 Y+0
992 C X+17,217 Y-12,877 DR+
993 L X+0 Y+0
994 TOOL CALL 19 Z S7427 DR-3
995 L X-17,8 Y+0,6 Z-4,5 RL
996 L X-18,4
997 CC X-18,4 Y+0
998 C X-19 Y+0 DR+
999 L Y-9,318
1000 L X-19,078 Y-9,653
1001 CC X-18,103 Y-9,878
1002 C X-18,82 Y-10,575 DR+
1003 L X-18,581 Y-10,822
1004 L X-18,404 Y-11,115
1005 CC X+0 Y+0
1006 C X-18,404 Y+11,115 DR+
1007 L X-18,581 Y+10,822
1008 L X-18,82 Y+10,575
1009 CC X-18,103 Y+9,878
1010 C X-19,078 Y+9,653 DR+
1011 L X-19 Y+9,318
1012 L Y-1
1013 L Y-9,318
1014 L X-19,078 Y-9,653
1015 CC X-18,103 Y-9,878
1016 C X-18,82 Y-10,575 DR+
1017 L X-18,581 Y-10,822
1018 L X-18,404 Y-11,115
1019 CC X+0 Y+0
1020 C X-18,404 Y+11,115 DR+
1021 L X-18,581 Y+10,822
1022 L X-18,82 Y+10,575
1023 CC X-18,103 Y+9,878
1024 C X-19,078 Y+9,653 DR+
1025 L X-19 Y+9,318
1026 L Y-1
1027 L Y-9,318
1028 L X-19,078 Y-9,653
1029 CC X-18,103 Y-9,878
1030 C X-18,82 Y-10,575 DR+
1031 L X-18,581 Y-10,822
1032 L X-18,404 Y-11,115
1033 CC X+0 Y+0
1034 C X-18,404 Y+11,115 DR+
1035 L X-18,581 Y+10,822
1036 L X-18,82 Y+10,575
1037 CC X-18,103 Y+9,878
1038 C X-19,078 Y+9,653 DR+
1039 L X-19 Y+9,318
1040 L Y-1
1041 CC X-18,4 Y-1
1042 C X-18,4 Y-1,6 DR+
1043 L X-17,8
1044 L X+0 Y+0 R0
1045 L Z+50 FMAX
1046 M9
1047 M5
1048 L Z-1 FMAX M91
1049 ; T21 DIA 6 FINITION FRAISE 2 TAILLES DIAM=6. 6 DENTS CARBURE PLAQUETTES
1050 ; CORRECTION AUCUNE
1051 ; SUREP R -0.1 SUREP Z 0.
1052 TOOL CALL 21 Z S6000 DR+0
1053 TOOL DEF 1
1054 L X+0 Y+0 FMAX M3
1055 L Z+50 FMAX M25
1056 L Z+2 FMAX
1057 L Z-4,5 F297
1058 L X+0,73 F500
1059 CC X-0,395 Y+0
1060 C X-1,52 Y+0 DR+
1061 CC X+1,105 Y+0
1062 C X+3,73 Y+0 DR+
1063 CC X-0,395 Y+0
1064 C X-4,52 Y+0 DR+
1065 CC X+1,105 Y+0
1066 C X+6,73 Y+0 DR+
1067 CC X-0,395 Y+0
1068 C X-7,52 Y+0 DR+
1069 CC X+1,105 Y+0
1070 C X+9,73 Y+0 DR+
1071 CC X-0,395 Y+0
1072 C X-10,52 Y+0 DR+
1073 CC X+1,105 Y+0
1074 C X+12,73 Y+0 DR+
1075 CC X-0,395 Y+0
1076 C X-13,52 Y+0 DR+
1077 CC X+1,105 Y+0
1078 C X+15,73 Y+0 DR+
1079 CC X-0,395 Y+0
1080 C X-16,52 Y+0 DR+
1081 CC X+1,105 Y+0
1082 C X+18,73 Y+0 DR+
1083 CC X-0,395 Y+0
1084 C X-19,1 Y+3,984 DR+
1085 L Y-4,139
1086 CC X+1,105 Y+0
1087 C X+19,175 Y-9,944 DR+
1088 CC X+0 Y+0
1089 C X-18,489 Y+11,167 DR+
1090 L X-18,661 Y+10,883
1091 L X-18,892 Y+10,645
1092 CC X-18,103 Y+9,878
1093 C X-19,175 Y+9,63 DR+
1094 L X-19,1 Y+9,307
1095 L Y-9,307
1096 L X-19,175 Y-9,63
1097 CC X-18,103 Y-9,878
1098 C X-18,892 Y-10,645 DR+
1099 L X-18,661 Y-10,883
1100 L X-18,489 Y-11,167
1101 CC X+0 Y+0
1102 C X+19,175 Y-9,944 DR+
1103 L X+0 Y+0
1104 TOOL CALL 21 Z S6000 DR-3
1105 L X-17,9 Y+0,6 Z-4,5 RL
1106 L X-18,5
1107 CC X-18,5 Y+0
1108 C X-19,1 Y+0 DR+
1109 L Y-9,307
1110 L X-19,175 Y-9,63
1111 CC X-18,103 Y-9,878
1112 C X-18,892 Y-10,645 DR+
1113 L X-18,661 Y-10,883
1114 L X-18,489 Y-11,167
1115 CC X+0 Y+0
1116 C X-18,489 Y+11,167 DR+
1117 L X-18,661 Y+10,883
1118 L X-18,892 Y+10,645
1119 CC X-18,103 Y+9,878
1120 C X-19,175 Y+9,63 DR+
1121 L X-19,1 Y+9,307
1122 L Y-1
1123 L Y-9,307
1124 L X-19,175 Y-9,63
1125 CC X-18,103 Y-9,878
1126 C X-18,892 Y-10,645 DR+
1127 L X-18,661 Y-10,883
1128 L X-18,489 Y-11,167
1129 CC X+0 Y+0
1130 C X-18,489 Y+11,167 DR+
1131 L X-18,661 Y+10,883
1132 L X-18,892 Y+10,645
1133 CC X-18,103 Y+9,878
1134 C X-19,175 Y+9,63 DR+
1135 L X-19,1 Y+9,307
1136 L Y-1
1137 L Y-9,307
1138 L X-19,175 Y-9,63
1139 CC X-18,103 Y-9,878
1140 C X-18,892 Y-10,645 DR+
1141 L X-18,661 Y-10,883
1142 L X-18,489 Y-11,167
1143 CC X+0 Y+0
1144 C X-18,489 Y+11,167 DR+
1145 L X-18,661 Y+10,883
1146 L X-18,892 Y+10,645
1147 CC X-18,103 Y+9,878
1148 C X-19,175 Y+9,63 DR+
1149 L X-19,1 Y+9,307
1150 L Y-1
1151 CC X-18,5 Y-1
1152 C X-18,5 Y-1,6 DR+
1153 L X-17,9
1154 L X+0 Y+0 R0
1155 L Z+50 FMAX
1156 M78
1157 M5
1158 L Z-1 FMAX M91
1159 L Y-1 FMAX M91
1160 M30
1161 END PGM SAFRAN A32790R1 MM
